n  v(n)  Re(T)  Im(T)  Mod(T) 
   
0  127  50438.0  0.0  50438.0  
1  0  19.32135  83.4251  85.6333  
2  0  -94.50299  141.12874  169.8474  
3  0  -100.734215  -20.305801  102.76044  
4  0  37.16298  14.615589  39.933727  
5  0  -100.24975  3.021769  100.29528  
6  125  101.89376  -167.6176  196.1581  
7  126  9.619743  30.481987  31.963902  
8  117  -184.85835  -126.268135  223.8666  
9  127  37.080635  -27.82999  46.362507  
10  132  -16.010086  16.658049  23.104403  
11  0  66.108086  19.802732  69.01034  
12  0  -99.99717  68.91909  121.446594  
13  0  36.529686  36.360023  51.540947  
14  0  -134.35884  0.40146542  134.35945  
15  0  -159.57086  52.547283  168.00023  
16  116  -88.64951  62.60476  108.52692  
17  123  -98.06478  78.2525  125.45978  
18  118  98.39637  36.796135  105.05142  
19  129  1.701149  -2.888857  3.3525217  
20  125  85.35138  -83.61349  119.48252  
21  0  -81.76412  -171.83768  190.2986  
22  0  91.566086  115.96295  147.75572  
23  0  25.164253  137.58887  139.87114  
24  0  139.76303  -42.4636  146.07143  
25  0  -53.591225  107.35958  119.99208  
26  125  -101.5016  -159.03725  188.6675  
27  123  111.055016  41.125946  118.42534  
28  147  -41.825302  46.759804  62.736237  
29  127  42.068977  -14.813471  44.600872  
30  129  -123.2628  -127.87475  177.61101  
31  0  203.26007  -171.18625  265.7431  
32  0  -30.171738  84.62926  89.84679  
33  0  -13.623894  20.45119  24.573597  
34  0  -143.30725  -12.170685  143.82314  
35  0  -72.90577  -160.6763  176.44298  
36  124  -60.85592  -81.310745  101.5622  
37  129  75.04676  -45.954117  87.99885  
38  128  -44.862015  -10.267883  46.022057  
39  132  -46.17369  -204.5644  209.71077  
40  129  202.08188  78.399635  216.75699  
41  0  -202.23907  109.20999  229.84227  
42  0  20.216805  -96.0962  98.19979  
43  0  51.77723  -13.118664  53.413303  
44  0  27.616783  -76.114365  80.96964  
45  0  -114.22007  -80.818375  139.9208  
46  125  -127.203186  -33.62093  131.57133  
47  124  67.39857  -34.04706  75.510056  
48  118  -36.21013  -60.20267  70.253365  
49  129  -42.63266  121.04088  128.3294  
50  127  -127.18875  -11.36639  127.69563  
51  0  84.51892  5.109867  84.67325  
52  0  84.51197  -23.166924  87.62978  
53  0  74.19479  8.810326  74.71606  
54  0  -102.56484  -11.549416  103.21306  
55  0  133.04633  -125.66669  183.01213  
56  124  -6.3672104  151.42395  151.55775  
57  120  197.89049  -38.85324  201.66858  
58  125  135.74243  81.53695  158.3486  
59  129  -142.69139  95.28461  171.58086  
60  126  -52.874107  82.71053  98.16671  
61  0  16.008003  21.210327  26.573185  
62  0  139.95029  50.552135  148.80054  
63  0  100.741104  -65.38371  120.09913  
64  0  -2.8945236  -74.2637  74.32009  
65  0  4.0945206  -47.914665  48.089294  
66  118  -118.596115  -142.90828  185.70894  
67  125  62.52035  35.275677  71.78557  
68  123  -88.11532  -87.15554  123.93707  
69  124  130.2207  6.6559753  130.3907  
70  121  86.158844  32.60459  92.12169  
71  0  94.574715  131.8338  162.24835  
72  0  -230.51984  -133.1666  266.21933  
73  0  -14.202812  -61.57966  63.196316  
74  0  -173.3114  142.90018  224.62703  
75  0  35.278313  -59.81848  69.44646  
76  126  129.46216  101.07764  164.2472  
77  132  -17.685387  -103.20497  104.709305  
78  119  153.0638  -137.36893  205.6666  
79  130  158.69978  55.31698  168.06424  
80  128  10083.693  31035.531  32632.578  
81  0  69.61847  -72.47395  100.494804  
82  0  78.48941  -64.29532  101.46169  
83  0  39.67163  -4.910492  39.97438  
84  0  -33.228714  18.982391  38.26851  
85  0  -47.840332  -101.487434  112.19802  
86  119  56.134026  23.447624  60.834362  
87  122  10.661659  -7.14711  12.835582  
88  117  65.25404  -85.05048  107.199234  
89  145  60.42771  -85.87484  105.004745  
90  125  -6.541252  -9.134567  11.235137  
91  0  20.91536  -2.429123  21.055946  
92  0  -148.85742  13.754692  149.49155  
93  0  1.5043411  0.0058059692  1.5043523  
94  0  -16.658684  -33.830574  37.70967  
95  0  -91.03935  -204.89728  224.21208  
96  126  -117.80668  -48.80635  127.516556  
97  127  -121.87933  -81.545265  146.64311  
98  114  58.12133  48.23178  75.527435  
99  127  -29.196014  -48.37224  56.50027  
100  122  84.359  -36.07952  91.7506  
101  0  96.102005  -191.83963  214.56477  
102  0  -74.07916  82.336105  110.756294  
103  0  -47.6938  115.097694  124.588036  
104  0  -31.521103  127.27012  131.11546  
105  0  -27.249496  -23.922226  36.26028  
106  126  106.09516  -189.82654  217.46332  
107  122  131.23035  171.5773  216.00966  
108  116  95.81332  -49.02282  107.626335  
109  124  124.61307  68.79307  142.34079  
110  126  -70.8211  -26.050438  75.46027  
111  0  164.13162  126.15625  207.0135  
112  0  -27.79853  42.91413  51.131016  
113  0  -17.99356  -10.185852  20.676552  
114  0  -85.79668  6.5367966  86.045334  
115  0  81.76167  79.91118  114.32746  
116  126  70.90625  -19.523117  73.544876  
117  129  83.56349  77.25613  113.80407  
118  120  13.707607  0.39540863  13.713309  
119  121  36.237198  -157.63312  161.74466  
120  122  63.56636  147.55508  160.66481  
121  0  -109.59835  -14.66658  110.57535  
122  0  33.926704  76.960464  84.10669  
123  0  10.288727  60.471237  61.340267  
124  0  15.491455  31.462852  35.069878  
125  0  106.1225  -40.882645  113.725  
126  125  -109.96808  -12.943054  110.72715  
127  127  160.64926  84.108826  181.33527  
128  151  -137.82544  -69.42149  154.32173  
129  124  -74.124886  -5.547989  74.33222  
130  124  -97.10835  21.565102  99.474045  
131  0  43.443974  3.1787949  43.560112  
132  0  47.98545  -37.4423  60.864845  
133  0  14.273739  67.284615  68.78197  
134  0  16.963913  30.160622  34.60401  
135  0  45.387875  95.25842  105.518845  
136  130  -112.51735  -15.164223  113.534615  
137  128  51.01275  87.75873  101.5081  
138  149  26.500565  17.105232  31.541542  
139  118  -47.35166  -40.352547  62.213406  
140  122  27.98531  -18.738121  33.67929  
141  0  4.9820137  50.53031  50.77532  
142  0  -19.360432  110.976  112.65211  
143  0  117.323586  49.26686  127.24797  
144  0  145.86453  -64.32157  159.41684  
145  0  105.22499  18.087341  106.76821  
146  126  75.21785  -95.0875  121.240906  
147  127  -12.023586  127.37042  127.93667  
148  124  -108.80833  -59.823174  124.1695  
149  118  63.460133  89.36378  109.604164  
150  126  8.661346  81.15364  81.61454  
151  0  -20.008175  170.80875  171.97661  
152  0  48.366364  -140.83583  148.90948  
153  0  53.206047  -6.0827866  53.552628  
154  0  -196.09897  -91.585175  216.43163  
155  0  -20.221016  42.058517  46.666996  
156  126  -38.459145  153.89713  158.62985  
157  120  90.332634  58.86434  107.819275  
158  133  84.85275  77.39987  114.85091  
159  120  -63.04829  185.20023  195.63795  
160  122  -94.186874  44.772507  104.286835  
161  0  19.623215  130.80133  132.2651  
162  0  92.06046  140.5488  168.01515  
163  0  4.290146  0.60672  4.332835  
164  0  -111.80068  -47.5552  121.4944  
165  0  -24.98301  5.8950577  25.669096  
166  128  -107.70274  -5.091934  107.823044  
167  123  -16.434677  -0.63204193  16.446825  
168  142  -55.215393  -7.8883133  55.776028  
169  127  120.322754  -96.56499  154.28015  
170  136  -12.852522  -33.517776  35.897476  
171  0  71.75256  -31.53437  78.37631  
172  0  -108.314445  -42.3164  116.28713  
173  0  -95.74942  16.386383  97.14147  
174  0  -80.21808  -72.94637  108.42561  
175  0  184.31711  -186.78224  262.41266  
176  112  101.91693  -160.9235  190.4821  
177  130  49.24042  -80.35138  94.23886  
178  134  40.275818  95.09745  103.27472  
179  121  -49.034416  -33.300797  59.27324  
180  124  27.679878  -89.13681  93.33567  
181  0  149.19182  -88.843704  173.64159  
182  0  -6.597294  -163.17082  163.30414  
183  0  -69.00562  -23.18042  72.794975  
184  0  -142.77545  10.874619  143.189  
185  0  25.873322  19.607315  32.46345  
186  126  152.18268  4.1827545  152.24016  
187  120  -91.85585  137.43877  165.30853  
188  129  134.92014  113.53323  176.33275  
189  124  61.95432  153.51459  165.54475  
190  124  -107.51736  -36.59497  113.57453  
191  0  -45.03258  94.50724  104.68788  
192  0  -21.906057  104.51833  106.789314  
193  0  -96.42367  -65.54178  116.59009  
194  0  -74.382225  -62.47203  97.136345  
195  0  -130.0678  84.36443  155.03221  
196  124  19.44128  52.237984  55.73841  
197  123  -53.375595  138.99191  148.88823  
198  125  -100.38618  21.070457  102.57362  
199  122  54.879135  -98.50149  112.75754  
200  133  -14.946194  -53.013596  55.080215  
201  0  29.6624  -5.661331  30.197824  
202  0  -39.204765  66.186295  76.92619  
203  0  -66.37218  66.45705  93.92446  
204  0  -98.73841  -31.235764  103.56132  
205  0  -39.87639  85.56684  94.40239  
206  124  -208.6433  -138.05649  250.18317  
207  127  87.9387  175.54942  196.34361  
208  136  -33.078342  -237.7263  240.0166  
209  119  17.736366  -71.30356  73.476364  
210  123  -212.91945  -0.86413574  212.9212  
211  0  -7.554281  26.567337  27.620474  
212  0  79.83312  -55.596245  97.28448  
213  0  -127.64519  -121.125885  175.96811  
214  0  45.46557  35.841812  57.89433  
215  0  -78.42542  -21.627747  81.352974  
216  126  16.254309  -35.601807  39.136826  
217  129  -90.62251  1.2434921  90.63104  
218  109  46.36032  -28.10009  54.21157  
219  132  69.08244  -36.988983  78.36178  
220  129  76.237976  31.388626  82.4468  
221  0  52.498863  40.95501  66.58411  
222  0  -23.889917  32.107758  40.020447  
223  0  11.405708  155.24895  155.66736  
224  0  58.42115  134.44316  146.58784  
225  0  33.51042  113.62934  118.46761  
226  122  89.77824  -34.311333  96.11139  
227  124  -33.569786  45.83966  56.817295  
228  125  -102.40532  -89.36597  135.91588  
229  125  -59.232697  53.59105  79.87811  
230  126  -29.896345  1.3662338  29.927546  
231  0  -73.48548  -8.178268  73.93916  
232  0  142.67485  -23.796448  144.64572  
233  0  68.75899  4.74691  68.922646  
234  0  90.74651  -144.78511  170.87323  
235  0  -54.234303  -21.595177  58.375603  
236  127  -73.541725  54.73516  91.675095  
237  129  -160.04321  91.654976  184.43011  
238  142  29.10331  -66.137184  72.257385  
239  122  1.008461  -21.728386  21.751776  
240  127  10042.065  7233.7065  12376.171  
241  0  -117.04266  17.442719  118.33526  
242  0  -65.96602  110.0441  128.30128  
243  0  87.08801  2.3369904  87.11936  
244  0  1.2997437  -252.40086  252.4042  
245  0  -77.355675  -137.2507  157.5489  
246  128  9.9228325  -91.15365  91.69215  
247  133  19.122036  58.601673  61.642586  
248  116  12.413761  15.238991  19.655235  
249  126  111.25953  36.612373  117.12877  
250  132  8.202553  -84.43257  84.83007  
251  0  108.42743  -17.405357  109.815544  
252  0  29.333027  -38.964066  48.771145  
253  0  -66.99719  -90.576485  112.66199  
254  0  57.343414  -53.86657  78.67576  
255  0  110.91642  102.19313  150.8174  
256  126  120.925186  91.00272  151.34198  
257  132  -16.47329  -13.68354  21.415148  
258  127  28.584808  82.0342  86.87176  
259  122  -58.64305  -62.534454  85.72961  
260  124  98.19992  -88.83641  132.42029  
261  0  39.264374  31.780434  50.514225  
262  0  171.71115  -125.306404  212.57097  
263  0  110.50192  -165.47594  198.9798  
264  0  -96.45528  -144.88423  174.05476  
265  0  75.57996  27.699127  80.4958  
266  127  10.686279  191.90472  192.20203  
267  123  -100.79098  -62.0692  118.36979  
268  124  -90.90741  31.161827  96.10004  
269  125  -32.49586  25.244125  41.149082  
270  127  -46.589123  -122.723045  131.26878  
271  0  31.048325  8.952164  32.31315  
272  0  -64.86932  116.63116  133.45732  
273  0  -23.318806  -139.1315  141.07211  
274  0  -9.532211  -14.7560425  17.567123  
275  0  -122.87392  -75.58594  144.26099  
276  125  66.350464  -57.584244  87.85402  
277  128  -24.42947  -28.923416  37.85978  
278  123  83.59045  -77.71228  114.133965  
279  130  41.593063  67.60883  79.37844  
280  128  161.71373  -2.0031815  161.72614  
281  0  44.21382  112.66823  121.03302  
282  0  -69.645096  42.026413  81.34285  
283  0  -35.01933  -39.64216  52.894745  
284  0  75.270256  -68.880775  102.03025  
285  0  31.125786  55.724617  63.828266  
286  127  -1.5380783  -182.34528  182.35178  
287  123  -55.224365  179.05084  187.3738  
288  123  150.14267  -132.71423  200.38934  
289  127  193.52657  -0.30760193  193.52681  
290  127  -24.364883  -137.146  139.29347  
291  0  -52.306202  52.588936  74.17233  
292  0  22.325203  49.328987  54.145763  
293  0  65.56823  -246.09384  254.67896  
294  0  66.366264  159.37468  172.64058  
295  0  22.351814  -82.58739  85.55863  
296  128  86.686935  20.720741  89.128975  
297  128  -66.13757  -47.72535  81.559105  
298  121  -3.7211685  53.398087  53.52759  
299  123  23.7734  108.95018  111.51375  
300  124  -44.35775  -22.091553  49.55448  
301  0  42.066788  64.86224  77.30929  
302  0  -20.722733  75.24419  78.04562  
303  0  -70.21591  96.29911  119.179665  
304  0  -114.24223  104.922485  155.11292  
305  0  -138.77118  97.58529  169.64766  
306  131  8.542343  47.951324  48.706276  
307  126  -49.33302  -9.575607  50.253746  
308  128  -55.74293  -160.86746  170.25162  
309  131  6.5292053  -84.03819  84.29145  
310  127  28.040146  57.62137  64.08176  
311  0  25.79506  39.28692  46.998375  
312  0  21.812958  194.52931  195.74846  
313  0  38.225525  12.373512  40.178284  
314  0  166.88225  40.974068  171.83876  
315  0  64.208115  -97.2119  116.50252  
316  124  -58.125168  51.85476  77.893845  
317  123  -201.26031  -86.130165  218.91579  
318  129  47.748528  39.250725  61.810528  
319  127  -11.350708  92.878624  93.56964  
320  131  92.72698  -102.44561  138.17885  
321  0  35.85827  -22.67421  42.425644  
322  0  -2.1675797  74.943085  74.97443  
323  0  80.354996  200.9816  216.44983  
324  0  191.42523  -35.792  194.74261  
325  0  98.290665  -193.72508  217.23366  
326  130  -0.46385956  -60.690903  60.692677  
327  125  -37.121674  12.799019  39.26619  
328  125  -84.683586  151.75357  173.78279  
329  120  -8.685402  95.396286  95.790855  
330  117  31.005219  12.400002  33.392868  
331  0  81.16673  12.365204  82.10321  
332  0  53.0579  42.524597  67.99619  
333  0  80.132164  -90.31804  120.74151  
334  0  55.371864  93.07662  108.301895  
335  0  -18.2836  106.485855  108.0441  
336  126  -76.89299  135.61693  155.89896  
337  126  -47.051376  -50.82431  69.259964  
338  119  -55.84373  117.35468  129.96402  
339  126  -11.814026  -134.31665  134.8352  
340  128  204.93716  -26.456997  206.63788  
341  0  -9.869698  16.414913  19.153597  
342  0  185.48825  123.154755  222.64992  
343  0  227.6752  138.12271  266.2966  
344  0  -1.8795776  -172.61899  172.62923  
345  0  39.911713  85.99199  94.80278  
346  128  -249.10796  63.463238  257.06488  
347  123  126.26228  -95.22995  158.14836  
348  132  76.76528  -27.341091  81.48892  
349  115  29.465836  91.9371  96.543594  
350  129  -33.944397  -81.02417  87.847244  
351  0  -94.50492  -7.814827  94.82748  
352  0  -93.837006  7.2642975  94.11777  
353  0  51.88613  -45.522182  69.02492  
354  0  -47.31305  48.01518  67.409065  
355  0  -141.90535  -50.03179  150.46696  
356  126  36.565437  64.1069  73.80194  
357  124  20.297852  5.9875565  21.162552  
358  129  71.372894  147.72627  164.06444  
359  141  -160.1272  14.924408  160.8212  
360  125  7.4342117  124.895966  125.11702  
361  0  -124.42123  201.93059  237.18474  
362  0  -191.20226  -78.063034  206.52394  
363  0  -32.414192  -74.716965  81.4451  
364  0  12.881294  -34.91651  37.216805  
365  0  -20.788643  146.32156  147.79095  
366  134  45.685226  -1.5721893  45.71227  
367  129  -76.32728  64.99721  100.25214  
368  119  18.612366  58.881943  61.75357  
369  126  3.183899  161.95038  161.98167  
370  128  62.46708  -10.651861  63.368748  
371  0  -52.35778  -118.16272  129.24304  
372  0  63.98929  -67.02124  92.66324  
373  0  242.73772  -48.169582  247.47102  
374  0  -178.74036  248.97171  306.48822  
375  0  -24.640152  -59.415123  64.3218  
376  121  87.34413  66.3874  109.71  
377  117  1.0898285  -235.04779  235.05032  
378  130  17.870422  -110.652756  112.0865  
379  125  -22.197388  86.411804  89.217285  
380  129  102.64356  -87.32034  134.76106  
381  0  15.318855  107.308624  108.39653  
382  0  -150.59131  -19.084698  151.7958  
383  0  -12.961845  11.667589  17.43967  
384  0  -80.4446  -14.509865  81.74271  
385  0  -74.4444  -22.735195  77.83866  
386  122  -77.896675  25.777317  82.05097  
387  126  4.8689957  -10.366148  11.452691  
388  119  -2.4844666  -130.87102  130.89459  
389  128  94.57108  -66.7097  115.7319  
390  129  -15.32782  25.559237  29.802963  
391  0  -36.005165  76.37101  84.43283  
392  0  -244.01404  133.7759  278.27835  
393  0  -38.12329  82.3709  90.765366  
394  0  -22.133896  126.904915  128.82068  
395  0  156.22998  -18.120634  157.27734  
396  125  -9.978592  -106.1993  106.66707  
397  139  -82.73893  -192.11949  209.17847  
398  124  -74.38627  16.443298  76.18201  
399  115  -118.431404  6.4649553  118.60773  
400  120  10152.0  10.799157  10152.006  
401  0  -124.83418  -7.091489  125.035446  
402  0  -77.526634  -16.825272  79.33138  
403  0  -85.31321  191.49298  209.63756  
404  0  -11.479485  105.41535  106.03855  
405  0  154.79245  17.784054  155.81071  
406  126  -23.190384  -127.56771  129.65845  
407  132  -39.192276  -82.83078  91.634995  
408  129  -244.37248  -134.47566  278.9294  
409  128  -36.420517  -76.65836  84.87025  
410  123  -15.6215515  -25.64674  30.029787  
411  0  93.72197  66.55882  114.95166  
412  0  -3.3240738  130.71713  130.75938  
413  0  4.3423767  10.04158  10.940273  
414  0  -78.252235  -26.184467  82.5169  
415  0  -75.051506  22.300364  78.29454  
416  125  -80.67724  14.011398  81.884895  
417  135  -13.239647  -12.291008  18.065357  
418  133  -150.86423  18.385448  151.9804  
419  118  15.508667  -107.75946  108.869736  
420  125  102.276184  87.260345  134.4425  
421  0  -22.254456  -86.71852  89.52856  
422  0  17.485893  110.43903  111.81474  
423  0  0.5169678  234.53015  234.53072  
424  0  87.3479  -66.95759  110.05896  
425  0  -24.945686  58.796158  63.869205  
426  128  -178.28726  -249.79196  306.89148  
427  120  242.58542  48.38771  247.36421  
428  124  63.560402  66.745316  92.16757  
429  126  -52.754677  117.40693  128.71458  
430  122  62.254272  10.206018  63.08532  
431  0  3.3659286  -162.50888  162.54373  
432  0  18.378304  -59.17678  61.964935  
433  0  -76.4164  -65.56743  100.690384  
434  0  45.384132  1.1286926  45.398167  
435  0  -20.819077  -146.75047  148.21988  
436  126  12.691772  34.74477  36.990273  
437  131  -32.866615  74.46156  81.3925  
438  144  -191.5306  77.24671  206.52124  
439  128  -124.03532  -202.68976  237.62975  
440  155  7.6071396  -125.1956  125.4265  
441  0  -160.20178  -15.612125  160.96071  
442  0  71.80989  -147.87924  164.39261  
443  0  20.30822  -6.279869  21.257011  
444  0  36.65889  -64.10845  73.849625  
445  0  -141.93246  49.645245  150.36447  
446  124  -47.10298  -48.452084  67.57437  
447  123  51.731224  45.453056  68.86291  
448  125  -93.684555  -7.780407  94.00708  
449  124  -94.33668  7.394779  94.62606  
450  121  -33.956543  80.51648  87.38393  
451  0  29.711243  -92.2798  96.94493  
452  0  76.79454  27.197075  81.46829  
453  0  126.133415  95.233406  158.04759  
454  0  -248.94968  -64.54588  257.1811  
455  0  40.27974  -86.29833  95.23581  
456  126  -2.0379105  172.12239  172.13445  
457  117  228.16019  -138.53563  266.92545  
458  118  186.14088  -123.40625  223.33278  
459  129  -9.979546  -16.659508  19.41985  
460  125  204.71866  26.525742  206.43  
461  0  -12.230202  133.67189  134.23022  
462  0  -55.73738  -117.66661  130.20018  
463  0  -47.12091  50.289066  68.91567  
464  0  -76.87618  -136.43468  156.60258  
465  0  -17.95848  -106.77931  108.27894  
466  128  55.57659  -93.235725  108.54335  
467  124  80.15998  90.30168  120.747734  
468  130  53.033226  -42.82518  68.16538  
469  114  81.11174  -12.564812  82.07916  
470  129  31.086205  -12.812378  33.623047  
471  0  -8.694443  -95.66216  96.05646  
472  0  -84.46686  -152.20721  174.07379  
473  0  -37.012917  -12.926506  39.205235  
474  0  -0.5219345  60.239105  60.241367  
475  0  98.10101  193.41696  216.87308  
476  127  191.2545  35.84807  194.58511  
477  113  80.591354  -201.0951  216.64304  
478  135  -2.2141724  -75.09361  75.12625  
479  120  36.175674  22.546906  42.62678  
480  122  92.33218  102.34179  137.83713  
481  0  -11.106239  -93.41859  94.07646  
482  0  47.64544  -39.465057  61.867428  
483  0  -201.47142  85.25236  218.76631  
484  0  -57.66606  -52.446083  77.94849  
485  0  64.062035  96.879875  116.14497  
486  121  167.2921  -41.094566  172.26552  
487  123  38.136124  -12.707527  40.197575  
488  99  22.213371  -194.8631  196.12512  
489  125  25.92775  -39.50219  47.25115  
490  124  27.71981  -57.87108  64.16736  
491  0  6.362503  83.84789  84.08894  
492  0  -56.263306  160.34778  169.93225  
493  0  -49.314766  9.01152  50.131363  
494  0  8.63575  -48.150307  48.91859  
495  0  -138.60025  -98.29178  169.91557  
496  125  -113.92503  -105.69164  155.40154  
497  122  -69.90481  -96.67072  119.29757  
498  135  -20.242958  -75.439926  78.10864  
499  129  42.337112  -65.06287  77.62479  
500  122  -44.101013  21.955032  49.26381  
501  0  24.170929  -109.18198  111.82548  
502  0  -3.2129517  -53.927345  54.022972  
503  0  -66.17837  47.306694  81.348015  
504  0  86.75768  -20.842789  89.22621  
505  0  22.327957  82.57394  85.53942  
506  127  66.827545  -159.52086  172.95325  
507  125  65.30777  246.11264  254.6302  
508  128  22.656433  -49.892494  54.795757  
509  108  -52.118633  -52.842613  74.22057  
510  127  -24.387314  136.7779  138.935  
511  0  194.27359  0.0786438  194.2736  
512  0  149.78693  132.51889  199.99345  
513  0  -54.716988  -179.5527  187.70488  
514  0  -1.6833191  181.97595  181.98373  
515  0  31.515358  -56.248802  64.47593  
516  128  75.425125  68.726585  102.04064  
517  129  -34.913937  39.157288  52.46214  
518  120  -68.97546  -42.585697  81.06266  
519  121  44.761726  -113.06714  121.60506  
520  128  161.63007  2.5259857  161.6498  
521  0  41.814674  -67.814064  79.6694  
522  0  83.606415  77.55963  114.04179  
523  0  -24.417141  28.120293  37.241745  
524  0  66.13759  57.248055  87.47297  
525  0  -122.9492  74.73572  143.88167  
526  128  -9.390305  14.365349  17.162199  
527  128  -23.531685  138.61198  140.59525  
528  124  -64.382835  -117.214584  133.7326  
529  122  31.533669  -9.204437  32.849564  
530  113  -46.801247  122.37738  131.0213  
531  0  -32.15503  -25.881157  41.276875  
532  0  -90.39938  -31.782509  95.82367  
533  0  -100.52884  61.272453  117.730034  
534  0  11.363628  -192.32738  192.6628  
535  0  76.00089  -27.705276  80.89325  
536  133  -96.3561  144.29553  173.50993  
537  132  110.728264  164.99536  198.70636  
538  141  171.69513  124.94589  212.34569  
539  129  39.562473  -32.387115  51.128414  
540  129  98.875565  88.46924  132.67699  
541  0  -58.280445  61.74366  84.90518  
542  0  29.259628  -82.74614  87.76702  
543  0  -15.773861  13.0877075  20.496408  
544  0  121.74158  -91.58142  152.34227  
545  0  111.53772  -102.669945  151.59743  
546  128  57.463802  53.27986  78.363464  
547  126  -66.94762  89.93251  112.115295  
548  126  29.976845  38.10343  48.481777  
549  133  109.11833  16.85318  110.41214  
550  117  8.537342  83.55349  83.988525  
551  0  111.8505  -37.201538  117.874886  
552  0  13.109425  -16.019814  20.700035  
553  0  20.082867  -59.599007  62.891678  
554  0  10.849548  90.22226  90.87227  
555  0  -76.11822  135.99  155.84372  
556  128  2.4171486  250.9317  250.94334  
557  123  89.35201  -4.3064423  89.45573  
558  135  -62.58372  -112.918755  129.10216  
559  127  -110.78123  -22.576027  113.058205  
560  128  10056.391  -7214.3374  12376.496  
561  0  -5.6473045  26.168633  26.771053  
562  0  25.42035  68.315834  72.89203  
563  0  -162.01913  -90.9131  185.78319  
564  0  -74.84976  -53.89261  92.23286  
565  0  -55.428074  22.155014  59.691845  
566  131  89.540565  145.53253  170.87196  
567  130  67.82477  -4.4744186  67.9722  
568  128  141.76907  24.245453  143.82738  
569  126  -73.86827  8.024483  74.30285  
570  126  -30.29806  -1.3618164  30.32865  
571  0  -59.67019  -53.770905  80.32336  
572  0  -103.094955  89.14157  136.28935  
573  0  -33.787495  -45.980858  57.059917  
574  0  89.48695  34.087654  95.75951  
575  0  33.34684  -113.72188  118.51025  
576  127  58.538483  -134.54674  146.72961  
577  130  11.411776  -155.27205  155.69084  
578  127  -24.146818  -32.099197  40.167492  
579  130  52.39791  -40.739212  66.371864  
580  128  76.09162  -31.090752  82.19836  
581  0  68.83466  37.130844  78.21068  
582  0  45.56922  27.994186  53.481106  
583  0  -90.78298  -1.5065918  90.79548  
584  0  15.954323  35.551613  38.967392  
585  0  -78.79675  21.3917  81.64884  
586  126  45.3265  -35.797844  57.75792  
587  125  -127.96736  120.80811  175.98366  
588  119  79.42579  55.550377  96.9242  
589  125  -7.786044  -26.804245  27.912184  
590  117  -213.06801  0.28123474  213.06819  
591  0  17.657581  71.06112  73.22208  
592  0  -33.637405  237.25302  239.62569  
593  0  87.764694  -175.7554  196.45  
594  0  -208.93365  137.18658  249.94685  
595  0  -39.684834  -86.21276  94.90799  
596  138  -98.76804  30.741257  103.44153  
597  128  -66.235596  -66.958755  94.18401  
598  132  -39.08597  -66.53874  77.1694  
599  124  29.213825  6.182167  29.86079  
600  126  -15.139125  52.740746  54.870567  
601  0  54.71555  98.27899  112.48356  
602  0  -100.352745  -21.590912  102.64912  
603  0  -52.779984  -139.54962  149.19727  
604  0  19.590696  -52.590622  56.12102  
605  0  -129.9941  -84.75959  155.18587  
606  126  -74.47065  62.084496  96.95547  
607  128  -96.58127  64.963875  116.396935  
608  114  -21.438896  -105.004135  107.170395  
609  125  -44.75962  -94.91739  104.941574  
610  110  -107.27397  36.075813  113.177605  
611  0  62.558594  -153.74893  165.98889  
612  0  135.39009  -113.639915  176.76115  
613  0  -91.397804  -137.88052  165.42249  
614  0  152.23389  -3.88723  152.28351  
615  0  25.550694  -19.51535  32.151  
616  127  -142.65091  -11.234779  143.09264  
617  132  -68.83938  23.28646  72.67131  
618  131  -6.4824333  162.82172  162.95071  
619  132  149.17639  88.823616  173.61806  
620  131  27.587442  88.77865  92.96621  
621  0  -48.795296  32.642044  58.70676  
622  0  40.78224  -95.02048  103.40253  
623  0  49.298782  80.43025  94.33661  
624  0  101.7388  160.81647  190.2964  
625  0  183.85835  186.73746  262.05872  
626  127  -80.4361  72.47906  108.273636  
627  127  -95.512085  -17.626762  97.12498  
628  137  -108.45831  41.516563  116.13282  
629  125  71.96178  31.31916  78.48176  
630  122  -12.808008  33.183754  35.56974  
631  0  120.17456  96.297935  153.99745  
632  0  -55.29882  7.1706467  55.761795  
633  0  -16.357773  0.1740799  16.358698  
634  0  -107.627144  4.515854  107.72184  
635  0  -24.96133  -6.601364  25.819489  
636  124  -111.75651  46.599174  121.08262  
637  132  4.666397  -1.2166672  4.8223996  
638  116  92.58064  -141.11795  168.77634  
639  119  19.9598  -131.2598  132.7687  
640  129  -93.78134  -45.288696  104.14416  
641  0  -62.364212  -185.69083  195.88358  
642  0  85.312515  -77.46536  115.23501  
643  0  90.658966  -59.093285  108.217674  
644  0  -38.113262  -154.2078  158.84793  
645  0  -20.075397  -42.360397  46.876698  
646  135  -195.8921  90.86113  215.93857  
647  125  53.486683  5.6314697  53.782326  
648  132  48.512146  140.3701  148.51665  
649  128  -19.40915  -171.37216  172.46777  
650  138  9.222038  -81.51431  82.03432  
651  0  64.00221  -89.66264  110.16203  
652  0  -108.655815  59.23139  123.75154  
653  0  -11.274929  -127.78157  128.27803  
654  0  75.458435  95.00602  121.3265  
655  0  105.60342  -18.693222  107.24513  
656  128  145.95383  64.20858  159.453  
657  126  117.478615  -49.560165  127.50465  
658  130  -18.815472  -111.56447  113.13997  
659  128  5.1232796  -51.002884  51.259556  
660  131  28.10051  18.562088  33.677734  
661  0  -47.264523  39.508194  61.60221  
662  0  26.785812  -17.569641  32.03392  
663  0  51.6939  -88.07764  102.12703  
664  0  -112.480545  14.517296  113.41351  
665  0  45.83872  -95.371376  105.815346  
666  123  17.062431  -30.691612  35.115547  
667  127  14.5751  -67.67464  69.22637  
668  128  48.595566  36.939415  61.041374  
669  126  43.70841  -4.0012283  43.89117  
670  121  -96.9005  -22.371712  99.44948  
671  0  -73.81105  4.830208  73.968925  
672  0  -137.47249  68.505455  153.59584  
673  17  161.21094  -84.408936  181.97208  
674  0  -109.6475  12.253235  110.33003  
675  0  106.297386  40.52868  113.761635  
676  127  15.857391  -32.386055  36.05986  
677  129  11.137661  -61.199112  62.20433  
678  125  34.435932  -77.53075  84.83425  
679  119  -109.36279  13.8743515  110.23937  
680  128  64.173485  -148.66812  161.92729  
681  0  36.177086  157.10123  161.21283  
682  0  14.276764  -0.97882843  14.310279  
683  0  84.21798  -77.73887  114.61239  
684  0  71.23303  19.136383  73.758705  
685  0  82.34835  -80.39561  115.08564  
686  127  -85.19126  -7.590378  85.52873  
687  127  -17.44944  9.50766  19.871552  
688  128  -27.165672  -43.757004  51.503876  
689  121  164.95642  -126.52534  207.89247  
690  128  -70.499695  25.093803  74.83252  
691  0  125.28389  -69.292625  143.16956  
692  0  96.31232  48.6204  107.88886  
693  0  132.22316  -171.86589  216.84293  
694  0  106.02656  189.50415  217.14845  
695  0  -26.963837  22.865776  35.353813  
696  126  -30.661484  -128.17097  131.78743  
697  146  -47.020714  -116.0418  125.20641  
698  116  -73.4201  -83.31907  111.05214  
699  134  96.47612  191.17984  214.14334  
700  125  84.922516  35.12018  91.8981  
701  0  -28.723541  47.149315  55.2096  
702  0  58.616726  -49.150642  76.496445  
703  0  -121.57123  80.23599  145.66187  
704  0  -117.305084  47.366173  126.507065  
705  0  -90.455475  203.16269  222.38991  
706  128  -15.771149  32.29995  35.944622  
707  115  2.4749756  -1.6021042  2.9482608  
708  123  -148.04736  -15.828056  148.89107  
709  127  21.824966  0.5600128  21.83215  
710  128  -5.5394516  7.174736  9.064345  
711  0  61.55153  83.536224  103.76363  
712  0  66.28222  82.61522  105.91793  
713  0  12.0342865  4.1503754  12.729873  
714  0  57.399437  -26.388489  63.17474  
715  0  -47.20849  97.21914  108.07498  
716  126  -30.92463  -24.628601  39.53354  
717  127  42.502045  -2.1222992  42.555  
718  138  82.2751  53.850845  98.33161  
719  130  76.735886  51.850914  92.611626  
720  135  10149.054  -31014.69  32633.023  
721  0  152.61487  -34.54828  156.47646  
722  0  149.47566  147.66907  210.11693  
723  0  -19.821526  109.44904  111.22942  
724  0  128.62178  -95.65638  160.29256  
725  0  34.115387  63.98555  72.51214  
726  125  -173.86652  -140.01602  223.23541  
727  127  -14.977119  64.52407  66.23949  
728  146  -231.13564  134.88799  267.61624  
729  122  94.92276  -129.30682  160.40756  
730  130  86.15602  -30.53347  91.406525  
731  0  130.12827  -4.647026  130.21121  
732  0  -88.42546  88.44498  125.066284  
733  0  62.726135  -33.810818  71.258255  
734  0  -118.91953  144.21112  186.91898  
735  0  4.0947876  49.090485  49.260967  
736  125  -2.7249832  75.00758  75.05707  
737  122  100.89063  66.53411  120.85408  
738  124  140.04213  -49.40423  148.5011  
739  134  16.064804  -20.200413  25.809584  
740  128  -52.558533  -81.836006  97.260124  
741  0  -142.02187  -94.66085  170.67773  
742  0  136.6066  -80.39435  158.50746  
743  0  197.92078  40.085175  201.93922  
744  0  -5.917946  -150.4995  150.6158  
745  0  133.07964  126.774086  183.79842  
746  128  -102.353  11.955013  103.04881  
747  113  74.47549  -8.18742  74.92417  
748  126  84.7888  23.94992  88.106415  
749  128  84.889305  -3.961998  84.98171  
750  115  -127.16039  11.535114  127.68251  
751  0  -41.805443  -120.40406  127.45522  
752  0  -35.836555  60.473804  70.29466  
753  0  67.91259  34.29535  76.08082  
754  0  -127.06512  33.843506  131.49498  
755  0  -113.25072  80.87189  139.16173  
756  127  27.81575  76.683624  81.57263  
757  126  52.474464  13.629219  54.21554  
758  120  20.589546  96.62494  98.79427  
759  128  -201.25739  -109.24617  228.9962  
760  130  202.81702  -77.41931  217.09097  
761  0  -45.990654  205.07773  210.1714  
762  0  -44.108734  10.710209  45.390408  
763  0  75.70871  46.57741  88.88905  
764  0  -60.472923  81.54677  101.52266  
765  0  -72.83672  160.92072  176.6371  
766  121  -142.34201  12.030289  142.84949  
767  123  -12.630661  -19.920841  23.587572  
768  129  -28.88517  -83.96073  88.79053  
769  128  203.33655  172.00708  266.33096  
770  132  -122.63333  127.83854  177.14859  
771  0  43.066254  15.18251  45.66411  
772  0  -40.53089  -46.538162  61.71348  
773  0  112.397934  -40.7874  119.56968  
774  0  -100.73413  158.8474  188.09535  
775  1  -52.336617  -107.01016  119.12303  
776  112  141.12378  42.78411  147.46661  
777  124  26.63681  -137.45024  140.00746  
778  140  93.03939  -115.39067  148.22731  
779  127  -80.733185  172.117  190.11078  
780  115  86.91373  84.38872  121.14227  
781  0  3.3131638  2.7996826  4.337658  
782  0  99.9964  -36.397125  106.41443  
783  6  -95.54932  -77.72979  123.17302  
784  0  -86.60523  -62.638206  106.88317  
785  0  -157.2171  -52.43198  165.72969  
786  130  -131.6931  -0.24718761  131.69333  
787  127  39.358536  -36.064938  53.383274  
788  129  -97.01811  -68.613914  118.829216  
789  122  69.18131  -19.41657  71.854416  
790  123  -12.840851  -16.396591  20.82632  
791  0  40.45894  28.279612  49.362556  
792  0  -181.04999  126.14353  220.66103  
793  0  14.623161  -29.779999  33.176575  
794  0  106.848694  167.93192  199.04214  
795  0  -94.066666  -3.0616121  94.11647  
796  107  44.84321  -14.30867  47.070705  
797  127  -90.428894  20.234444  92.665085  
798  123  -78.61878  -141.19292  161.60555  
799  127  50.21205  -82.84349  96.87257  
